# oST version 5.0 parameters


[image]

width
1024

height
768

[narrow_stereo]

camera matrix
1448.544767 0.000000 482.772963
0.000000 1456.975779 421.457381
0.000000 0.000000 1.000000

distortion
0.127691 -0.673279 0.008370 0.002444 0.000000

rectification
1.000000 0.000000 0.000000
0.000000 1.000000 0.000000
0.000000 0.000000 1.000000

projection
1458.563843 0.000000 483.717859 0.000000
0.000000 1465.990112 424.500602 0.000000
0.000000 0.000000 1.000000 0.000000

